# lo hi selected others
   9.89000   11.51000    0.00000    0.00002
  11.51000   14.03088    0.00000    0.00023
  14.03088   14.03176    0.00000    0.00000
  14.03176   14.03264    0.00000    0.00000
  14.03264   14.03352    0.00000    0.00000
  14.03352   14.03439    0.00000    0.00000
  14.03439   14.03527    0.00000    0.00000
  14.03527   14.03615    0.00000    0.00000
  14.03615   14.03703    0.00000    0.00000
  14.03703   14.03791    0.00000    0.00000
  14.03791   14.03879    0.00000    0.00000
  14.03879   14.03967    0.00000    0.00000
  14.03967   14.25330    3.80460    0.00076
  14.25330   14.59665    0.00000    0.00084
  14.59665   15.27000    0.27806    0.00112
  15.27000   37.67000    0.00000    0.04456
